Хоз. операция	Январь 2021 г.		Февраль 2021 г.		Март 2021 г.		Апрель 2021 г.		Май 2021 г.		Июнь 2021 г.		Июль 2021 г.		Август 2021 г.		Сентябрь 2021 г.		Октябрь 2021 г.		Ноябрь 2021 г.		Декабрь 2021 г.		За весь период	
Аналитика																										
Остаток на начало периода	-1 348 962,86		-1 432 645,85		-1 364 295,35		-1 442 273,21		-1 467 211,86		-1 454 583,60		-1 444 108,13		-743 523,82		2 353 519,59		2 232 908,93		2 160 996,10		2 091 674,91		-1 348 962,86	
Поступления	166 569,00		742 288,80		644 334,67		183 205,00		159 000,00		342 777,00		1 653 918,47		4 253 131,91		350 084,80		207 206,83		287 248,07		96 166,46		9 085 931,01	
Личные средства предпринимателя	30 439,00		100 707,00		984,67		915,00				127 400,00		1 118 719,00		4 050 000,00		120 020,80		93 016,83		76 989,07		18 177,46		5 737 368,83	
Основная касса			100 000,00								100 000,00				4 000 000,00										4 200 000,00	
40802810900001974209, в АО "ТИНЬКОФФ БАНК"											27 300,00		1 084 719,00				120 020,80		93 016,83		76 989,07		18 177,46		1 420 223,16	
40802810555000016713, в 044030653 СЕВЕРО-ЗАПАДНЫЙ БАНК ПАО СБЕРБАНК	30 439,00		707,00		984,67		915,00				100,00		34 000,00		50 000,00										117 145,67	
От покупателя	136 130,00		641 581,80		643 350,00		182 290,00		159 000,00		215 377,00		535 195,00		203 120,00		230 064,00		114 190,00		210 259,00		77 989,00		3 348 545,80	
ОГНИЗАЛИВА ООО	121 730,00		177 181,80		128 290,00		140 890,00		119 600,00		134 230,00		122 095,00		144 030,00		135 380,00		58 790,00		121 900,00		31 770,00		1 435 886,80	
ЗОЛУШКА ООО			450 000,00		439 000,00								349 000,00												1 238 000,00	
ШКОЛЬНЫЕ СТУЛЬЯ ООО					15 100,00		27 000,00		25 000,00		64 747,00		48 200,00		32 990,00		86 984,00		25 000,00		72 459,00		38 019,00		435 499,00	
ПРОДТОВАРЫ ООО	8 200,00		8 200,00		8 200,00		8 200,00		8 200,00		8 200,00		8 200,00		18 400,00				30 400,00		8 200,00		8 200,00		122 600,00	
Прочее													4,47		11,91										16,38	
Прочие доходы													4,47		11,91										16,38	
Платежи	250 251,99		673 938,30		722 312,53		208 143,65		146 371,74		332 301,53		953 334,16		1 156 088,50		470 695,46		279 119,66		356 569,26		174 883,91		5 724 010,69	
Личные средства предпринимателя	222 270,16		560 413,08		650 437,29		113 209,23		142 688,90		202 069,76		586 274,77		212 801,17		302 447,44		87 566,67		240 688,59		83 707,44		3 404 574,50	
40802810900001974209, в АО "ТИНЬКОФФ БАНК"									134 428,90		202 029,07		552 695,28		212 801,17		302 447,44		87 566,67		240 688,59		83 707,44		1 816 364,56	
40802810555000016713, в 044030653 СЕВЕРО-ЗАПАДНЫЙ БАНК ПАО СБЕРБАНК	222 270,16		560 413,08		650 437,29		113 209,23		8 260,00		40,69		33 579,49												1 588 209,94	
Поставщику	17 040,93		67 988,22		64 003,00		29 796,42		3 066,00		86 549,92		329 042,00		926 141,08		85 329,00		72 485,00		17 427,23				1 698 868,80	
Простор компьютеры	14 015,00		34 249,00		43 208,00		3 555,00				73 400,00		20 709,00		40 717,00		36 353,00								266 206,00	
СИТИЛИНК ООО					9 050,00				1 980,00		8 890,00				11 635,00		860,00		19 570,00		14 290,00				66 275,00	
«Мобильные устройства» ООО																	34 986,00								34 986,00	
Сервисная Лавка			30 200,00																						30 200,00	
DNS					6 297,00										8 499,00		7 795,00		1 399,00						23 990,00	
А3 ООО							15 871,00																		15 871,00	
КАНЦСНАБ ООО	2 675,93		2 640,22				2 720,42														2 548,23				10 584,80	
ОнЛайн трейд ООО															10 419,00										10 419,00	
ООО 1С-Битрикс															2 995,00		2 995,00		1 245,00						7 235,00	
ТД Петрович											2 970,00														2 970,00	
ООО "Хэдхантер"									1 086,00										1 086,00						2 172,00	
СИТИ ООО																			2 000,00						2 000,00	
AliExpress															1 771,08										1 771,08	
Яндекс																	1 500,00								1 500,00	
Невалинк															1 000,00						489,00				1 489,00	
Регистратор доменных имен РЕГ.РУ ООО			899,00																						899,00	
rabota.ru																	840,00								840,00	
Максидом																					100,00				100,00	
Зарплата													27 619,05		10 000,00		76 363,64		70 000,00		70 000,00		91 176,47		345 159,16	
Максимов Анрей Геннадьевич																	70 000,00		70 000,00		70 000,00		70 000,00		280 000,00	
Москвин Александр Игнатьевич													27 619,05		10 000,00		6 363,64								43 982,69	
Домаева Ольга Константинова																							11 176,47		11 176,47	
Седова Оксана Юрьевна																							10 000,00		10 000,00	
Налоги	10 218,50		40 320,00				64 828,00				43 614,17		5 124,25		5 109,25		5 109,25		47 888,38		5 109,25				227 321,05	
Авансовый платеж (УСН)			40 320,00				64 828,00						15,00						42 778,00						147 941,00	
Фиксированные взносы в ПФР	8 112,00										43 614,17		4 056,00		4 056,00		4 056,00		4 056,00		4 056,00				72 006,17	
Страховые взносы в ФФОМС	2 106,50												1 053,25		1 053,25		1 053,25		1 054,38		1 053,25				7 373,88	
Прочее	662,40		5 157,00		7 812,24		250,00				0,15				1 399,00		1 347,13		1 130,61		23 344,19				41 102,72	
Прочие расходы	662,40		5 157,00		7 812,24		250,00				0,15				1 399,00				218,73						15 499,52	
Коммерческие расходы																	500,00		911,88		11 980,00				13 391,88	
Управленческие расходы																	847,13				11 364,19				12 211,32	
Комиссия банка	60,00		60,00		60,00		60,00		616,84		67,53		5 274,09		638,00		99,00		49,00						6 984,46	
АО "СБЕР БАНК"									616,00		8,37		5 274,09		638,00		99,00		49,00						6 684,46	
СЕВЕРО-ЗАПАДНЫЙ БАНК ПАО СБЕРБАНК	60,00		60,00		60,00		60,00		0,84		59,16														300,00	
Остаток на конец периода	-1 432 645,85		-1 364 295,35		-1 442 273,21		-1 467 211,86		-1 454 583,60		-1 444 108,13		-743 523,82		2 353 519,59		2 232 908,93		2 160 996,10		2 091 674,91		2 012 957,46		2 012 957,46	
Чистый денежный поток	-83 682,99	руб.	68 350,50	руб.	-77 977,86	руб.	-24 938,65	руб.	12 628,26	руб.	10 475,47	руб.	700 584,31	руб.	3 097 043,41	руб.	-120 610,66	руб.	-71 912,83	руб.	-69 321,19	руб.	-78 717,45	руб.	3 361 920,32	руб.